-1
0
0
2
1
1
0
1
-1
-1
0
-2
3
0
-1
3
-1
0
1
-3
1
0
-1
-1
2
-1
-1
1
0
0
0
1
2
1
0
-1
0
0
1
0
0
1
1
1
0
1
0
1
2
0
2
0
2
1
0
0
0
0
-1
1
2
-1
3
-1
2
-1
-1
0
1
1
3
3
1
10
0
3
5
1
1
0
7
3
0
1
2
0
1
3
5
3
6
5
5
6
6
1
3
4
3
6
2
3
6
2
5
8
0
5
6
4
9
5
2
7
4
5
8
10
5
9
4
4
4
9
10
7
7
10
7
6
8
3
8
3
9
11
6
7
10
8
4
9
9
4
7
8
8
6
6
9
8
9
5
4
5
9
12
10
9
7
10
12
7
5
7
7
12
6
11
6
9
5
14
6
10
13
9
9
13
9
7
10
6
3
5
13
14
6
6
11
10
9
9
10
7
4
11
6
14
9
7
8
9
10
11
14
5
14
14
9
11
10
8
11
14
13
18
13
9
12
14
9
12
13
11
11
7
15
8
14
8
17
13
14
14
12
13
14
8
10
10
11
6
8
16
10
15
10
13
10
14
11
9
17
15
12
15
9
15
13
17
18
12
11
9
10
18
13
16
8
10
12
16
14
15
9
4
3
13
14
11
8
10
13
10
17
19
17
13
13
11
2
11
8
12
15
15
10
11
14
13
10
9
8
10
12
13
13
12
13
14
6
8
6
12
12
1
14
11
15
13
18
17
11
18
16
14
16
17
11
9
9
9
19
13
14
17
10
8
10
24
10
11
14
8
13
15
6
18
12
14
10
13
16
8
14
12
14
16
12
18
12
10
17
7
14
12
11
14
10
15
12
4
12
19
11
14
15
14
13
11
9
10
11
13
15
13
14
14
4
14
15
12
16
14
20
10
15
9
19
18
13
12
18
21
12
12
7
13
20
15
9
12
23
